378317
152203
90199
314497
210019
203773
344791
227729
309929
344917
350963
221393
86951
373553
325999
153067
213383
96893
338477
346373
385991
335299
152791
256643
80963
349567
159503
23399
122099
358601
290161
240739
345749
314357
136859
2113
319129
374713
28537
178559
191413
239509
140009
11483
83341
67421
34381
15329
280843
19447
192853
187123
385039
10313
210229
49739
319673
499
319483
354647
250693
186883
366077
217681
304457
114377
32579
262733
249593
134039
79427
271639
203909
91823
260647
232643
370033
290803
329059
262981
96823
138841
207511
332273
380951
194087
288427
107867
335527
82883
125113
237301
254369
53507
198719
159937
196597
223667
239999
171383
228139
134923
294781
69193
166847
127277
105319
50789
91309
106591
159763
232013
257947
4127
381917
81553
145681
100747
168697
2879
14431
307711
281431
73259
236527
123269
140221
351733
84673
177173
290359
103511
2693
78721
68141
282377
24443
248879
79801
314063
311807
35149
75011
379931
281807
321187
111821
104851
176699
345571
59441
2833
115123
5479
101489
19661
214141
65831
136657
226609
125789
372413
288559
204023
371141
322969
7243
17971
191627
26861
11443
81281
14759
42787
218551
317923
189187
361919
230089
44453
75577
221587
155017
376297
376949
123493
308333
382507
118739
175727
152791
14537
207643
57947
162973
8527
129491
300511
298087
286043
64901
253243
301381
147311
56767
379387
378407
48623
121507
192817
172049
79769
143977
97931
296833
171383
192259
158269
239489
67699
187003
240659
166657
241771
326539
151049
62633
349933
345193
100937
18493
129023
290839
242713
34781
287863
60443
352493
321007
305449
325709
380417
953
177743
218839
185051
313477
381001
304411
24247
248851
115421
178351
293701
167221
279131
179287
51679
326741
304021
5087
77419
165541
109171
69403
134177
41843
35111
327443
330203
250643
213307
364687
320317
324641
67181
43789
174017
57467
341557
345571
71933
99817
141223
157649
229949
156817
205201
7459
385597
332159
262399
369079
45197
228223
361337
283487
136453
192553
259277
284657
140939
381527
53101
308927
299029
67547
23873
53549
20047
178571
174763
69427
365791
161527
319607
106373
216103
149921
82531
96001
263657
57527
5659
277657
73643
67219
174617
354763
123601
183713
45697
71119
281839
119291
47963
352691
251201
290959
78977
215249
298801
165443
367201
136163
199499
228337
179461
313133
275543
173081
321037
128033
67699
85531
212683
51503
109639
351851
28759
192853
37049
303587
182711
123479
306157
109819
10391
4093
180053
301627
61909
27103
313267
300581
144407
132757
148793
300631
225809
180883
294001
267259
107069
248597
212183
33569
220141
304063
359587
178681
314527
242147
252359
253063
75539
22367
36997
192539
78797
41777
148927
15733
330359
47737
1747
80783
323123
145267
44041
185267
319817
231809
28541
85213
182537
328633
18143
97003
264139
7937
81637
258971
239243
244603
58537
360323
53161
18493
337427
230003
15319
213097
282697
324587
221489
4441
314641
212383
64189
381793
156007
316439
81353
95461
265883
87221
62347
344353
14011
323767
360749
380189
15121
107347
146543
64553
357967
347933
213539
295567
369821
93811
267133
366787
372809
6967
41263
273323
154789
228751
90289
346187
65353
123733
95461
108013
108223
353341
11597
3769
26737
145987
277531
218611
320377
55871
346439
63839
141353
161309
46471
171481
328787
64109
117937
39631
258983
363151
221093
30323
232073
66943
298049
75391
166457
66509
313763
126703
82471
169003
235783
270451
338017
30643
366547
205951
279131
42071
304067
329111
65809
367519
357179
55717
286711
37963
370217
85703
267229
184003
205307
271853
331207
66383
139393
104459
152981
8753
50873
320899
182537
49757
164893
309779
103457
213637
317987
133039
197207
24697
257861
259657
33487
121157
148763
252289
173773
313567
188801
291481
372511
46441
373621
380197
92693
188273
230771
290233
161611
9679
369409
368447
279731
90031
344863
132547
123493
15373
13799
106759
253573
360653
17977
165817
16693
23633
178877
213721
183713
33581
326449
141907
200597
311687
62141
10589
225077
26951
354307
195809
10477
357131
111409
254869
94349
36607
87833
286619
71987
81919
244199
144451
88643
242603
108949
72223
43037
43711
162391
86711
376399
304933
271367
43961
267227
7129
382961
313711
107053
335807
239297
303727
326119
373661
277691
295283
20183
17627
276589
224683
73681
145459
42283
182009
10831
68491
284341
101917
216119
11027
383693
324101
255137
293941
293329
90163
330689
298283
201211
20347
163979
338839
12553
10529
273433
358471
36013
300743
279443
171341
158393
320387
324901
119687
125627
68659
152041
226129
218461
109619
308507
316663
73607
103231
24809
354313
212117
119849
211291
245881
161047
92467
299363
44519
98711
1009
234781
43783
286243
12739
212969
291491
139393
246781
284723
127979
227671
350899
178501
350719
364079
57077
129733
29531
240437
109663
95273
55331
219943
71741
205319
275053
252283
268823
265207
261089
159431
276977
264731
151937
136417
237067
186869
139571
185993
203221
273503
113837
220873
304393
370883
62207
319399
14699
373717
361927
63149
140551
10399
171079
69499
1549
260879
229409
232051
170351
89231
242639
178609
204359
80347
57287
36637
166237
44371
309677
231547
96973
272423
227561
143711
313661
72103
198031
66713
143483
174257
2459
58171
310333
294169
314159
260111
37831
5591
171541
31489
135581
52639
39847
109211
19739
252431
100937
173081
59239
263023
197599
169373
341879
327953
46381
196171
270071
100297
34897
331337
376793
358877
170953
117751
235369
211889
83431
82463
83059
270217
377291
106367
23899
292471
92801
262313
46643
231533
72817
144671
82759
33637
33343
255473
267481
141403
126713
347813
1697
337277
20051
214499
299401
184211
10891
305803
257837
54539
298343
365201
122509
45307
118619
327347
373777
37339
93913
120623
368783
321709
352637
81071
337651
352057
24623
310361
123209
289193
81647
316507
380129
118189
225023
384509
48221
196901
361363
40597
222059
360649
194119
307511
254731
298087
105211
292561
81971
334133
122867
323579
364829
84961
344269
272353
33359
121951
18493
111509
261223
198013
102217
9187
276113
247943
373757
244507
237689
190979
363047
85577
292037
358793
219607
276049
291997
109297
47353
173699
333383
132749
281339
271163
320657
351059
62477
4079
265703
93097
254329
203663
354329
166871
207763
237737
37907
191783
145603
8971
40427
35527
122167
195071
136379
326597
38693
194977
155081
197419
251177
307337
226549
226817
279583
133717
240739
20323
124249
248893
89051
73771
220721
298409
173779
150883
229813
62137
297391
80779
75403
176357
286613
35521
380267
277097
143609
18869
99839
356647
285823
155167
73867
443
385501
78607
240623
44249
242491
28753
176741
241543
37657
133241
184043
62143
32141
169531
207367
229549
49919
294859
278801
101917
