376373
117989
61483
13417
28409
12517
193549
272287
236297
193723
38737
196543
57899
278591
262897
27397
358459
148747
109441
336253
375281
46723
122653
319691
278491
136987
193861
365201
111337
109847
203563
376583
121139
270913
180263
330853
366683
288947
247633
311963
257717
333803
12497
208213
300431
201961
385939
345551
271289
134777
132409
380651
134741
2999
254039
163621
345041
141613
168067
334423
152729
30347
222289
202127
300761
329177
212633
85831
175691
126989
179903
325921
313331
92551
347437
165287
282769
197207
47843
384919
42239
29761
121727
325691
383777
298087
273527
212281
207661
312727
140167
42257
221171
188261
83101
307189
298187
221621
51817
90397
